% -------------------------------------------------------------------
%  Generated by MATLAB on 24-Feb-2022 15:56:48
%  MATLAB version: 9.5.0.1178774 (R2018b) Update 5
% -------------------------------------------------------------------
                                    

A = 500;

a = [250.10965118811464 250.19291418920858 249.65070934684226 250.47790476592434 ...
     249.81552801482394 250.36587146418142 250.02950875499059 250.21646445134718 ...
     249.72468248914373 250.01821853655173 250.09580314934436 249.65632947893621 ...
     250.49575561159634 250.18628605189002 249.20110785407746 249.72982480917645 ...
     250.26031754491865 250.42857894567533 249.88766961630964 249.75107778157675 ...
     249.84899806091175 249.6976397698032 250.45499091578162 250.21743194085289 ...
     250.16964349917146 249.95956467824746 249.63186240599802 249.92986138600182 ...
     250.56055289435182 250.48154824394442 249.8494103761463 249.93657886088675 ...
     249.67487294991889 250.02359919327372 249.80717001059452 250.01972708847555 ...
     249.98948206126974 249.46581696270874 250.03905716689408 249.88550144736064 ...
     249.61865227352069 250.01262940232664 249.84725041938947 250.02404415523125 ...
     249.80023951192626 249.99073909576 249.30158015469826 249.43498023717669 ...
     249.83983387887869 250.24364168690781 250.07549527761256 249.7551478305551 ...
     249.63995463933651 250.0184677765441 249.92338331002716 249.5222127339307 ...
     250.15719692180375 249.91907235024888 250.13475176827157 249.34176849114567 ...
     250.18259646743746 249.89366888831196 249.69552071116732 249.99737492696306 ...
     249.73439022406529 250.10917269023383 249.96751822952365 250.29334739456502 ...
     250.18474047920483 250.10831324099078 250.08042987207492 250.49072639637615 ...
     249.94391785171811 250.70732500076124 249.54085344933955 249.31090526482373 ...
     249.63655488558396 249.99900023627598 250.09762659308157 249.77955585816872 ...
     250.22943633023866 250.10310739649373 250.02594951539723 249.9729539658716 ...
     249.98211306540338 250.35132466706833 249.59343332219763 249.74432816536154 ...
     249.57240895780154 250.27156287797365 250.05573195362194 249.45456361165708 ...
     250.12367470337895 249.98754196799928 249.68833547300903 250.11230434991563 ...
     249.87602107660322 249.89789846913291 249.73629153314724 250.06680663193697 ...
     249.74357558290714 249.75779005595516 249.61975039667146 249.8714070930105 ...
     250.11924270748773 249.80132012232693 249.60457209081545 250.03346675606963 ...
     249.87491231898827 250.54727697296559 250.23275557318894 249.97257400440637 ...
     250.997472000812 249.98028456117709 250.91258701882111 250.00888279516792 ...
     249.95000625199995 249.99122836244533 249.78343583728585 250.09460924539485 ...
     249.7093499721625 249.76868901246502 250.22149730066857 249.90678021418358 ...
     249.96366043491838 249.65317442604041 249.9673154049955 250.14184289629875 ...
     250.30771764761329 250.62622808227556 249.76296475483028 249.98714294491228 ...
     250.21045698266624 250.29518140461803 250.33999782086045 249.9859208296005 ...
     250.4350641667904 249.77999460948948 250.56364765086542 250.52561207639314 ...
     249.47216802541212 249.72072566847834 250.641388672023 250.15537429479446 ...
     249.94498976624891 249.87278640350303 250.01597188969396 250.13155180195014 ...
     250.53680372493761 249.94574855130358 249.62444285128663 250.12143340896333 ...
     249.87660428491711 249.84055359177094 249.48585208923561 250.30691992550766 ...
     250.08239507917321 249.85146297473364 250.55053337489653 249.911782900922 ...
     250.48508207252885 249.88743533739338 249.98455607598879 250.33263168394097 ...
     249.97318682142151 250.0742359040735 249.66996417309073 249.45973473435743 ...
     250.30240513635064 250.23681989645175 250.01713243389742 250.01971569475066 ...
     249.27266500466945 249.67826911836704 249.82643423996069 250.12161976042265 ...
     250.31913043292008 250.14412553468316 250.13901636748508 249.75920293360917 ...
     250.1606248792645 249.58237151104086 250.07909917950053 250.03300869625829 ...
     250.06507811104242 250.26552389967691 249.86736333227731 249.92593380373918 ...
     249.61880554557277 250.81807391488178 250.34291552621991 250.48113156109105 ...
     249.70065085558963 250.01213059685736 249.78006835185803 249.40029319198271 ...
     250.30618544188223 249.68186896436069 249.65929964802797 250.15356619595943 ...
     ];

i = 200;

n = 200;

